alpha=16.666667
beta=0.100000
ntopics=3
ndocs=2720
nwords=34
liter=200
